0.0, 0.0, 22.984447395617643, ((0.8565964096642324, -0.11945078486672212, -0.5019702191814479, -2.0), (-0.49404694431572715, -0.4705342259797314, -0.731105436304469, 0.0), (-0.14886305036052255, 0.8742591447485002, -0.46207222385789587, 0.0), (0.0, 0.0, 0.0, 1.0))
0.04, 0.1111111111111111, 19.113703475650784, ((0.8337626401199556, -0.030138939808366214, -0.5512998315321974, -1.5781469558960626), (-0.492373138725327, -0.4923791738618976, -0.7177265784467265, 0.5836863151679095), (-0.24981703745335615, 0.8698588353602572, -0.42536696433047727, 0.4299348347444576), (0.0, 0.0, 0.0, 1.0))
0.08, 0.2222222222222222, 17.252382423760494, ((0.8307164114356099, -0.16571517188341298, -0.5314590535301784, -1.1212002880062701), (-0.49882184436945565, -0.6454231799505707, -0.5784511097425152, 1.0812965393532226), (-0.24715786726583663, 0.7456322153650174, -0.6188259755847836, 0.62537930103281), (0.0, 0.0, 0.0, 1.0))
0.12, 0.3333333333333333, 12.945647274813979, ((0.7332203896171372, -0.19852125034730433, -0.6503669528890874, -0.9018431549226978), (-0.6040138388813479, -0.6294598331891182, -0.48882266809278024, 1.4275078494907483), (-0.31233818640939603, 0.7512453870487794, -0.581442366661064, 0.9852923062991783), (0.0, 0.0, 0.0, 1.0))
0.16, 0.4444444444444444, 12.015445964750286, ((0.5590362131983423, -0.48223381609290683, -0.6744842911064203, -0.4069184133010712), (-0.7592040734287898, -0.6247108894368741, -0.18260744647500715, 1.4930896156719158), (-0.33329819564766744, 0.6141553966509308, -0.7153498874974029, 1.457767632430159), (0.0, 0.0, 0.0, 1.0))
0.2, 0.5555555555555556, 12.33641189880705, ((0.3574668281212061, -0.691278856363567, -0.6279737331589936, -0.29939360464133824), (-0.7965607106225754, -0.5767006437249789, 0.18140397410104456, 1.5199269013332533), (-0.4875535879115459, 0.43537329990695767, -0.7567969269511503, 1.6753279396027492), (0.0, 0.0, 0.0, 1.0))
0.24, 0.6666666666666666, 12.01337132185267, ((0.0025899005842583422, -0.8110459966440302, -0.5849766523055902, -0.061695703997824314), (-0.8340626166678876, -0.3244645362737383, 0.4461640014364497, 1.6040176519199838), (-0.5516637054330111, 0.48675163690362644, -0.677303477091001, 1.9219791476986585), (0.0, 0.0, 0.0, 1.0))
0.28, 0.7777777777777777, 13.797970240818572, ((0.08001822263682842, -0.9029678659512206, -0.42219203818350415, 0.42233180316462715), (-0.5981813978625545, -0.3823060272244326, 0.7042876662267141, 1.119921427849064), (-0.7973556918322231, 0.19619157629054806, -0.570730029081515, 2.2936722237100056), (0.0, 0.0, 0.0, 1.0))
0.32, 0.8888888888888888, 18.116097294027334, ((-0.03679307038144586, -0.895201943263208, -0.4441393370888041, 0.794070750465223), (-0.4815120975671888, -0.3735641096252731, 0.7928404353312986, 0.5712186491521217), (-0.8756668144153641, 0.2430294977521315, -0.41730599486946607, 2.71596292576053), (0.0, 0.0, 0.0, 1.0))
0.36, 1.0, 20.622889215318118, ((-0.24013193226838087, -0.8580429119575153, -0.453981295148293, 1.0), (-0.38664954591594586, -0.3444258524353606, 0.8554957398007123, 0.0), (-0.8904149503170119, 0.3809635066691335, -0.2490542568162818, 3.0), (0.0, 0.0, 0.0, 1.0))
(-2.0, 0.0, 0.0)
(-0.5, 2.0, 1.0)
(0.0, 2.0, 2.0)
(1.0, 0.0, 3.0)
