0.0, 0.0, 14.35723109036676, ((0.7071067811865476, -0.408248290463863, -0.5773502691896257, -2.0), (-0.7071067811865476, -0.408248290463863, -0.5773502691896257, 0.0), (0.0, 0.816496580927726, -0.5773502691896257, -1.0), (0.0, 0.0, 0.0, 1.0))
0.04, 0.1111111111111111, 24.77038380543607, ((0.7071067811865476, -0.4082482904638631, -0.5773502691896257, -1.6666666666666663), (-0.7071067811865476, -0.4082482904638631, -0.5773502691896257, 0.33333333333333326), (0.0, 0.8164965809277261, -0.5773502691896257, -0.6666666666666665), (0.0, 0.0, 0.0, 1.0))
0.08, 0.2222222222222222, 16.39777731147933, ((0.7071067811865476, -0.4082482904638631, -0.5773502691896257, -1.3333333333333333), (-0.7071067811865476, -0.408248290463863, -0.5773502691896257, 0.6666666666666666), (2.7755575615628914e-17, 0.8164965809277261, -0.5773502691896257, -0.3333333333333334), (0.0, 0.0, 0.0, 1.0))
0.12, 0.3333333333333333, 14.64190968123135, ((0.7071067811865476, -0.40824829046386313, -0.5773502691896258, -1.0000000000000002), (-0.7071067811865476, -0.408248290463863, -0.5773502691896258, 1.0000000000000002), (8.326672684688673e-17, 0.8164965809277261, -0.5773502691896258, -9.71445146547012e-17), (0.0, 0.0, 0.0, 1.0))
0.16, 0.4444444444444444, 9.656899526350276, ((0.7071067811865476, -0.408248290463863, -0.5773502691896257, -0.6666666666666667), (-0.7071067811865476, -0.408248290463863, -0.5773502691896257, 1.3333333333333333), (0.0, 0.816496580927726, -0.5773502691896257, 0.33333333333333326), (0.0, 0.0, 0.0, 1.0))
0.2, 0.5555555555555556, 8.40367500974368, ((0.7071067811865475, -0.4082482904638631, -0.5773502691896257, -0.33333333333333326), (-0.7071067811865476, -0.40824829046386296, -0.5773502691896257, 1.666666666666667), (8.326672684688674e-17, 0.816496580927726, -0.5773502691896257, 0.6666666666666667), (0.0, 0.0, 0.0, 1.0))
0.24, 0.6666666666666666, 13.525381225794904, ((0.7071067811865476, -0.40824829046386296, -0.5773502691896257, -1.6653345369377348e-16), (-0.7071067811865475, -0.4082482904638631, -0.5773502691896257, 1.9999999999999998), (-8.326672684688677e-17, 0.8164965809277259, -0.5773502691896257, 0.9999999999999999), (0.0, 0.0, 0.0, 1.0))
0.28, 0.7777777777777777, 26.24272232749626, ((0.7071067811865475, -0.4082482904638631, -0.5773502691896257, 0.33333333333333304), (-0.7071067811865476, -0.40824829046386296, -0.5773502691896257, 2.333333333333333), (8.326672684688674e-17, 0.816496580927726, -0.5773502691896257, 1.333333333333333), (0.0, 0.0, 0.0, 1.0))
0.32, 0.8888888888888888, 16.155241491240368, ((0.7071067811865476, -0.4082482904638629, -0.5773502691896257, 0.6666666666666665), (-0.7071067811865475, -0.40824829046386313, -0.5773502691896257, 2.666666666666666), (-1.3877787807814457e-16, 0.816496580927726, -0.5773502691896257, 1.6666666666666665), (0.0, 0.0, 0.0, 1.0))
0.36, 1.0, 10.816130774992406, ((0.7071067811865476, -0.40824829046386296, -0.5773502691896257, 1.0), (-0.7071067811865475, -0.4082482904638631, -0.5773502691896257, 3.0), (-8.326672684688677e-17, 0.8164965809277259, -0.5773502691896257, 2.0), (0.0, 0.0, 0.0, 1.0))
(-2.0, 0.0, -1.0)
(-1.0, 1.0, 0.0)
(0.0, 2.0, 1.0)
(1.0, 3.0, 2.0)
